1 B190353CS AAKASH DEEP 12.50 14.00 18.34 16.17 6.50 11.00 9.67 20.67 10.00 18 64.84
2 B190880CS ABIN GIGO JOSEPH 25.00 24.00 18.34 24.50 13.75 18.50 20.00 38.50 10.00 25 98.00
3 B190864CS JAGRITI SHARMA 3.75 4.50 10.00 7.25 6.00 7.00 8.00 15.00 10.00 24 56.25
4 B190421CS KUMAR VIKRAMADEET 6.25 0.00 0.00 3.13 4.00 5.00 2.00 9.00 9.50 15 36.63
5 B190521CS PRABHAT KUMAR 6.25 5.00 16.66 11.46 4.00 6.00 0.00 10.00 9.50 14.25 45.21
6 B190816CS RAHUL KUMAR MAURYA 8.75 21.00 16.66 18.83 11.50 15.50 12.67 28.17 10.00 24.5 81.50
7 B191139CS SHAIK RABNAWAZ 6.25 9.00 4.16 7.63 0.00 5.00 0.67 5.67 7.50 15.5 36.29
8 B190955CS UTTKARSH RAJ 21.25 16.50 20.00 20.63 5.50 7.50 10.67 18.17 10.00 23 71.79
9 B190431CS ALEX M ZUBIN 11.25 22.00 21.66 21.83 7.50 12.00 15.00 27.00 10.00 17 75.83
10 B190403CS DEEPAK M 11.25 21.00 21.66 21.33 6.50 15.00 9.67 24.67 10.00 25 81.00
11 B190847CS DEVIKA SIVAKUMAR 0.00 12.00 8.34 10.17 4.00 6.00 6.33 12.33 7.50 20.5 50.50
12 B190489CS EDULA SRI RANGA SRIHIT REDDY 17.50 20.50 19.16 19.83 11.50 13.00 13.67 26.67 10.00 24 80.50
13 B190401CS G NIKHIL 21.25 17.50 18.34 19.79 13.50 14.00 13.33 27.50 10.00 25 82.29
14 B190493CS GAYATHRI BINOY 23.75 23.00 20.84 23.38 13.50 16.50 13.33 30.00 10.00 24 87.38
15 B190142CS GOKUL PRASAD S 17.50 21.00 19.16 20.08 5.00 16.50 15.33 31.83 10.00 22 83.91
16 B190383CS JISHNU K 22.50 21.00 21.66 22.08 10.00 17.50 17.33 34.83 10.00 25 91.91
17 B190256CS KODURI SAI PRASANTH 5.00 18.00 18.34 18.17 0.00 9.00 11.33 20.33 10.00 24 72.50
18 B190209CS KUDUMULA VEERA SREE VATSAVA REDDY 5.00 7.50 5.00 6.25 0.00 7.00 6.67 13.67 9.50 22 51.42
19 B190827CS L RAVI KIRAN 0.00 0.00 0.00 0.00 0.00 0.00 0.00 0.00 8.50 3 11.50
20 B190437CS PRANAV KRISHNA KADAM 10.00 10.00 17.50 13.75 6.00 9.50 0.00 15.50 10.00 17 56.25
21 B190528CS RAJKUMAR KURAMI 8.75 14.00 12.50 13.25 7.50 9.00 10.33 19.33 10.00 17.42 60.00
22 B190585CS REBBA GOPINADH 12.50 12.00 14.16 13.33 5.00 10.00 1.33 15.00 10.00 5 43.33
23 B190629CS SANJANA REJI KALLINGAL 22.50 13.00 17.50 20.00 12.00 10.00 13.33 25.33 10.00 25 80.33
24 B191108CS SREYANSH JAIN 17.50 23.00 21.66 22.33 15.00 12.50 17.33 32.67 10.00 25 90.00
25 B190878CS VUYYALA VINAY KUMAR 1.25 5.00 0.00 3.13 0.00 6.00 2.67 8.67 9.50 0 21.29
26 B180501CS MUHAMMED SHIFAN P 21.25 23.00 18.34 22.13 7.50 13.50 14.67 28.17 10.00 23 83.29
27 B180948CS NIDHIN MOHAN 12.50 24.00 21.66 22.83 12.00 16.00 16.67 32.67 10.00 24.5 90.00
28 B180349CS PALLA VENKATA BHARGAV 10.00 4.50 13.34 11.67 0.00 7.00 8.67 15.67 9.50 25 61.84
29 B180333CS PASAM TEJESWARA REDDY 10.00 17.00 19.16 18.08 3.50 11.00 13.33 24.33 10.00 11.5 63.91
30 B180093CS PATI CHANDANA 22.50 23.00 18.34 22.75 7.50 16.58 15.67 32.25 10.00 25 90.00
31 B180098CS ADARSH JOSHY 25.00 18.00 18.34 21.67 13.50 18.00 16.67 34.67 10.00 25 91.34
32 B180441CS BHUKYA VASANTH KUMAR 6.25 23.00 25.00 24.00 13.00 20.00 20.00 40.00 10.00 24 98.00
33 B180404CS BILLA AMULYA 7.50 22.00 25.00 23.50 6.50 11.50 1.33 18.00 10.00 23 74.50
34 B180359CS SEVAKULA JYOTHI 5.00 19.00 25.00 22.00 9.50 12.50 4.67 22.00 10.00 22 76.00
35 B180423CS ALAPARTHI VARUN SAI 12.50 22.00 16.66 19.33 0.00 13.50 16.00 29.50 8.50 22.67 80.00
36 B180672CS ASWIN MURALEEDHARAN ULANAT 21.25 25.00 25.00 25.00 11.50 18.00 16.66 34.66 10.00 25 94.66
37 B180861CS GAGANA K 20.00 0.00 18.34 19.17 5.00 17.50 12.00 29.50 10.00 25 83.67
38 B180551CS SEBASTIAN JOSE PARAKAL 21.25 23.50 23.34 23.42 11.00 4.50 11.67 22.67 9.50 25 80.59
39 B170789CS VIKASH KUMAR 8.75 4.50 2.50 6.63 0.00 6.00 2.00 8.00 10.00 13 37.63
40 B190512CS GUNTAPALLI SUDARSHAN 12.50 12.50 25.00 18.75 12.00 14.00 17.33 31.33 9.00 20.92 80.00
