1 B180441CS 26.0 20.0 30.0 40.0
2 B190880CS 27.5 18.5 30.0 38.5
3 B190383CS 20.0 17.5 26.0 34.83
4 B180098CS 27.0 18.0 25.0 34.67
5 B180948CS 24.0 16.0 25.0 32.67
6 B191108CS 30.0 0.0 26.0 32.33
7 B180093CS 15.0 16.5 23.5 32.17
8 B180672CS 23.0 18.0 21.0 32.0
9 B190142CS 10.0 16.5 23.0 31.83
10 B190512CS 24.0 14.0 26.0 31.33
11 B190493CS 27.0 16.5 20.0 30.0
12 B180423CS 0.0 13.5 24.0 29.5
13 B180861CS 10.0 17.5 18.0 29.5
14 B190816CS 23.0 15.5 19.0 28.17
15 B180501CS 15.0 13.5 22.0 28.17
16 B190401CS 27.0 14.0 20.0 27.5
17 B190431CS 15.0 12.0 22.5 27.0
18 B190489CS 23.0 13.0 20.5 26.67
19 B190629CS 24.0 10.0 20.0 25.33
20 B180333CS 7.0 11.0 20.0 24.33
21 B180551CS 22.0 4.5 17.5 22.67
22 B180359CS 19.0 12.5 7.0 22.0
23 B190353CS 13.0 11.0 14.5 20.67
24 B190256CS 0.0 9.0 17.0 20.33
25 B190528CS 15.0 9.0 15.5 19.33
26 B190955CS 11.0 7.5 16.0 18.17
27 B180404CS 13.0 11.5 2.0 18.0
28 B190403CS 13.0 0.0 14.5 16.17
29 B180349CS 0.0 7.0 13.0 15.67
30 B190437CS 12.0 9.5 0.0 15.5
31 B190585CS 10.0 10.0 2.0 15.0
32 B190864CS 12.0 7.0 12.0 15.0
33 B190209CS 0.0 7.0 10.0 13.67
34 B190847CS 8.0 6.0 9.5 12.33
35 B190521CS 8.0 6.0 0.0 10.0
36 B190421CS 8.0 5.0 3.0 9.0
37 B190878CS 0.0 6.0 4.0 8.67
38 B170789CS 0.0 6.0 3.0 8.0
39 B191139CS 0.0 5.0 1.0 5.67
40 B190827CS 0.0 0.0 0.0 0.0
