1 B180672CS 17.0 25.0 20.0 23.75
2 B190493CS 19.0 23.0 16.67 22.53
3 B190880CS 20.0 24.0 14.67 22.45
4 B180551CS 17.0 23.5 17.33 22.14
5 B190383CS 18.0 21.0 17.33 21.72
6 B180093CS 18.0 23.0 14.67 21.28
7 B180501CS 17.0 23.0 14.67 20.86
8 B180098CS 20.0 18.0 14.67 20.45
9 B180948CS 10.0 24.0 17.33 19.39
10 B190955CS 17.0 16.5 16.0 19.25
11 B190142CS 14.0 21.0 15.33 19.22
12 B190489CS 14.0 20.5 15.33 19.05
13 B190401CS 17.0 17.5 14.67 19.03
14 B190431CS 9.0 22.0 17.33 18.3
15 B180404CS 6.0 22.0 20.0 18.17
16 B180441CS 5.0 23.0 20.0 18.08
17 B190403CS 9.0 21.0 17.33 17.97
18 B190629CS 18.0 13.0 14.0 17.67
19 B180423CS 10.0 22.0 13.33 17.05
20 B190512CS 10.0 12.5 20.0 16.67
21 B180359CS 4.0 19.0 20.0 16.33
22 B190816CS 7.0 21.0 13.33 15.47
23 B180333CS 8.0 17.0 15.33 15.39
24 B190353CS 10.0 14.0 14.67 14.95
25 B190256CS 4.0 18.0 14.67 13.78
26 B191108CS 14.0 23.0 0.0 13.5
27 B190585CS 10.0 12.0 11.33 12.89
28 B180861CS 16.0 0.0 14.67 12.78
29 B190437CS 8.0 10.0 14.0 12.5
30 B190528CS 7.0 14.0 10.0 11.75
31 B190521CS 5.0 5.0 13.33 9.3
32 B180349CS 8.0 4.5 10.67 9.28
33 B190847CS 0.0 12.0 6.67 6.78
34 B191139CS 5.0 9.0 3.33 6.47
35 B190864CS 3.0 4.5 8.0 6.08
36 B190209CS 4.0 7.5 4.0 5.83
37 B170789CS 7.0 4.5 2.0 5.25
38 B190421CS 5.0 0.0 0.0 2.08
39 B190878CS 1.0 5.0 0.0 2.08
40 B190827CS 0.0 0.0 0.0 0.0
